0.5013802536174873
Score: 0.5013802536174873
Runtime: 410ms
